50001
50002
50003
50008
50009
50010
50035
50036
50037
50038
50071
50072
50075
50098
50099
50091
50094
50095
50102
50103
50104
50090
50088
50089
30057
30058
30059
30053
30071
30060
30076
30054
30056
30077
30078
30016
30024
30032
30040
30051
30073
30080
30061
30062
25008
25009
23024
23092
25050
25033
25057
25038
25032
25058
25030
25031
28255
30639
30641
30646
30645
30640
30642
30644
30643
23449
23448
30632
30608
30600
30612
30636
35863
25078
35755
35753
35751
30602
30633
30610
30606
30605
30609
30601
30603
30634
30611
30607
35756
35754
35752
35864
35865
28215
28253
28216
28218
28219
28220
28222
28223
28224
28226
28227
28228
28230
28231
28232
28234
28235
28236
28238
28239
28240
28242
28243
28244
26002
26059
26007
26008
26055
26072
26062
28323
28325
28326
28448
28245
28210
28010
28211
28212
28248
28321
28048
28053
28055
28307
28311
28165
28114
28303
28197
28065
28198
28111
28112
28446
28447
44097
44098
28106
28046
28130
28304
28201
28199
28200
28123
28124
28125
28070
28071
28072
28246
28073
28012
28076
28208
28249
28050
28056
28057
28309
28305
50724
28251
28075
28011
28078
28254
28252
28153
28079
28080
28308
28316
28317
28247
28074
28013
28077
28209
28250
28051
28058
28042
28310
28459
27005
27071
27087
27008
27004
27006
27106
27050
27014
27018
27095
27052
27052
27019
27023
27096
27053





