18055
18053
18053
11048
16026
16030
66030
11056
62056
30520
19003
19048
19060
63015
66021
66037
66049
66024
66025
66026
68020
68047
11019
11040
11041
11042
16009
16024
16025
16022
16016
16017
16018
18021
18050
18052
20005
20040
20033
20042
20001
20001
20010
20007
20011
20015
20015
20019
25301
25302
28300
25303
32063
32072
35085
32585
32695
32071
32001
32057
32058
32007
32008
32009
32010
32011
32012
32069
32073
32024
32024
32034
32034
32066
32067
32049
32053
32055
32068
32062
32061
32666
32667
32668
32669
32670
32671
32672
32673
32676
32677
32678
32679
32680
32681
32682
32683
32684
32685
32686
32689
32690
32691




